tiles.png
00 00 00 00 00 00 00 00 00 00 00 00 00 00 00 00 00 00 00 00 00 00 00 00 00 00 00 00 00 00 00 00 00 00 00 00 00 00 00 00 00 00 00 00 00 00 00 00 00 00
00 00 00 00 00 00 00 00 00 00 00 00 00 00 00 00 00 00 00 00 00 00 00 00 00 00 00 00 00 00 00 00 00 00 00 00 00 00 00 00 00 00 00 00 00 00 00 00 00 00
00 00 00 00 xx xx xx xx xx 00 00 00 00 00 00 00 00 00 00 00 00 00 00 00 00 00 00 00 00 00 00 00 00 00 00 00 00 00 00 00 00 00 00 00 00 00 00 00 00 00
00 00 00 00 xx xx xx xx xx 00 00 00 00 00 00 00 00 00 00 00 00 00 00 00 00 00 00 00 00 00 00 00 00 00 00 00 00 00 00 00 00 00 00 00 00 00 00 00 00 00
00 00 00 00 xx xx xx xx xx 00 00 00 00 00 00 00 00 00 00 00 00 00 00 00 00 00 00 00 00 00 00 00 00 00 00 00 00 00 00 00 00 00 00 00 00 00 00 00 00 00
00 00 00 00 00 00 xx 00 00 00 00 00 00 00 00 xx xx xx xx xx 00 00 00 00 00 00 00 00 00 00 00 00 00 00 00 00 00 00 00 00 00 00 00 00 00 00 00 00 00 00
00 00 00 00 00 00 xx 00 00 00 00 00 00 00 00 xx xx xx xx xx 00 00 00 00 00 00 00 00 00 00 00 00 00 00 00 00 00 00 00 00 00 00 00 00 00 00 00 00 00 00
00 00 00 00 00 00 xx 00 00 00 00 00 00 00 00 xx xx xx xx xx 00 00 00 00 00 00 00 00 00 00 00 00 00 00 00 00 00 xx xx xx 00 xx xx xx 00 00 00 00 00 00
00 00 00 xx xx xx xx xx xx xx xx xx xx xx xx xx xx xx xx xx 00 00 00 00 00 00 00 00 00 00 00 00 00 00 00 00 00 xx xx xx xx xx xx xx 00 00 00 00 00 00
00 00 00 xx xx xx xx xx xx xx xx xx xx xx xx xx xx xx xx xx 00 00 00 00 00 00 00 00 00 00 00 00 00 00 00 00 00 xx xx xx xx xx xx xx 00 00 00 00 00 00
00 00 00 00 00 00 xx 00 00 00 00 00 00 00 00 xx xx xx xx xx 00 00 00 00 00 00 00 00 00 00 00 00 00 00 00 00 00 xx xx xx xx xx xx xx 00 00 00 00 00 00
00 00 00 xx xx xx xx xx xx xx 00 00 00 00 00 xx xx xx xx xx 00 00 00 00 00 00 00 00 00 00 00 00 00 00 00 00 00 xx xx xx xx xx xx xx 00 00 00 00 00 00
00 00 00 xx xx xx xx xx xx xx 00 00 00 00 00 xx xx xx xx xx 00 00 00 00 00 00 00 00 00 00 00 00 00 00 00 00 00 xx xx xx xx xx xx xx 00 00 00 00 00 00
00 00 00 xx xx xx xx xx xx xx 00 00 00 00 00 xx xx xx xx xx 00 00 00 00 00 00 00 00 00 00 00 00 00 00 00 00 00 xx xx xx xx xx xx xx 00 00 00 00 00 00
00 00 00 00 00 00 00 00 00 00 00 00 00 00 00 00 00 xx 00 00 00 00 00 00 00 00 00 00 00 00 00 00 00 00 00 00 00 xx xx xx xx xx xx xx 00 00 00 00 00 00
00 00 00 00 00 00 00 00 00 00 00 00 00 00 00 00 00 xx 00 00 00 00 00 00 00 00 00 00 00 00 00 00 00 00 00 00 00 xx xx xx xx xx xx xx 00 00 00 00 00 00
00 00 00 00 00 00 00 00 00 00 00 00 00 00 00 xx xx xx xx xx 00 00 00 00 00 00 00 00 00 00 00 00 00 00 00 00 00 xx xx xx xx xx xx xx 00 00 00 00 00 00
00 00 00 00 00 00 00 00 00 00 00 00 00 00 00 xx xx xx xx xx 00 00 00 00 00 00 00 00 00 00 00 00 00 00 00 00 00 xx xx xx xx xx xx xx 00 00 00 00 00 00
00 00 00 00 00 00 00 00 00 00 00 00 00 00 00 xx xx xx xx xx 00 00 00 00 00 00 00 00 00 00 00 00 00 00 00 00 00 xx xx xx xx xx xx xx 00 00 00 00 00 00
00 00 00 00 00 00 00 00 00 00 00 00 00 00 00 xx xx 00 xx xx 00 00 00 00 00 00 00 00 00 00 00 00 00 00 00 00 00 xx xx xx xx xx xx xx 00 00 00 00 00 00
00 00 00 00 00 00 00 00 00 00 00 00 00 00 00 00 00 xx 00 00 00 00 00 00 00 00 00 00 00 00 00 00 00 00 00 00 00 00 00 00 xx 00 00 00 00 00 00 00 00 00
00 00 00 00 00 00 00 00 00 00 00 00 00 00 00 00 00 xx 00 00 00 00 00 00 00 00 00 00 00 00 00 00 00 00 00 00 00 00 00 00 xx 00 00 00 00 00 00 00 00 00
00 00 00 00 00 00 00 00 00 00 00 00 00 xx xx xx xx xx xx xx 00 00 00 00 00 00 00 00 00 00 00 00 00 00 00 00 00 00 00 00 xx 00 00 00 00 00 00 00 00 00
00 00 00 00 00 xx xx xx xx xx xx xx xx xx xx xx xx xx xx xx xx xx xx xx xx xx xx xx xx 00 00 00 00 00 00 00 00 00 00 00 xx 00 00 00 00 00 00 00 00 00
00 00 00 00 00 xx xx xx xx 00 00 00 00 xx xx xx xx xx xx xx 00 00 00 00 00 00 00 00 xx 00 00 00 00 00 00 00 00 00 00 00 xx 00 00 00 00 00 00 00 00 00
00 00 00 00 00 xx xx xx xx 00 00 00 00 00 00 xx 00 00 00 00 00 00 00 00 00 00 00 00 xx 00 00 00 00 00 00 00 00 00 00 00 xx 00 00 00 00 00 00 00 00 00
00 00 00 00 00 xx xx xx xx 00 00 00 00 00 00 xx 00 00 00 00 00 00 00 00 00 00 00 xx xx xx xx xx 00 00 00 00 00 00 xx xx 00 xx xx 00 00 00 00 00 00 00
00 00 00 00 00 xx xx xx xx 00 00 00 00 00 00 xx 00 00 00 00 00 00 00 00 00 00 00 xx xx xx xx xx 00 00 00 00 00 00 xx xx xx xx xx 00 00 00 00 00 00 00
00 00 00 00 00 00 xx 00 00 00 00 00 00 00 xx xx xx xx 00 00 00 00 00 00 00 00 00 xx xx xx xx xx 00 00 00 00 00 00 xx xx xx xx xx 00 00 00 00 00 00 00
00 00 00 00 00 00 xx 00 00 00 00 00 00 00 xx xx xx xx xx xx xx xx xx xx xx 00 00 xx xx xx xx xx 00 00 00 00 00 00 xx xx xx xx xx 00 00 00 00 00 00 00
00 00 00 00 00 00 xx 00 00 00 00 00 00 00 xx xx xx xx 00 00 00 00 00 00 xx 00 00 00 00 00 00 00 00 00 00 00 00 00 xx xx xx xx xx 00 00 00 00 00 00 00
00 00 00 00 00 00 xx 00 00 00 00 00 00 00 xx xx xx xx 00 00 00 00 00 00 xx 00 00 00 00 00 00 00 00 00 00 00 00 00 00 00 xx 00 00 00 00 00 00 00 00 00
00 00 00 00 00 00 xx 00 00 00 00 00 00 00 00 xx 00 00 00 00 00 00 00 00 xx 00 00 00 00 00 00 00 00 00 00 00 00 00 00 00 xx 00 00 00 00 00 00 00 00 00
00 00 00 00 00 00 xx 00 00 00 00 00 00 00 00 xx 00 00 00 00 00 00 00 00 xx 00 00 00 00 00 00 00 00 00 00 00 00 00 00 00 xx 00 00 00 00 00 00 00 00 00
00 00 00 00 00 00 xx 00 00 00 00 00 00 00 00 xx 00 00 00 00 00 00 00 00 xx 00 00 00 00 00 00 00 00 00 00 00 00 00 00 00 xx 00 00 00 00 00 00 00 00 00
00 00 00 00 00 00 xx 00 00 00 00 00 00 00 00 xx 00 00 00 00 00 00 00 00 xx 00 00 00 00 00 00 00 00 00 00 00 00 00 00 00 xx 00 00 00 00 00 00 00 00 00
00 00 00 00 00 00 xx 00 00 00 00 00 00 00 00 xx 00 00 00 00 00 00 00 00 xx 00 00 00 00 00 00 00 00 00 00 00 00 00 00 00 xx xx xx xx xx xx 00 00 00 00
00 00 00 00 00 00 xx 00 00 00 00 00 00 00 00 xx xx xx xx xx xx xx xx xx xx 00 00 00 00 00 00 00 00 00 00 00 00 00 00 00 00 00 00 00 00 xx 00 00 00 00
00 00 00 00 00 00 xx 00 00 00 00 00 00 00 00 00 00 00 00 00 00 00 00 00 00 00 00 00 00 00 00 00 00 00 00 00 00 00 00 00 00 00 00 00 00 xx 00 00 00 00
00 00 00 00 00 00 xx 00 00 00 00 00 00 00 00 00 00 00 00 00 00 00 00 00 00 00 00 00 00 00 00 00 00 00 00 00 00 00 00 00 00 00 00 00 00 xx 00 00 00 00
00 00 00 00 00 00 xx 00 00 00 00 00 00 00 00 00 00 00 00 00 00 00 00 00 00 00 00 00 00 00 00 00 00 00 00 00 00 00 00 00 00 00 00 00 00 xx 00 00 00 00
00 00 00 xx xx xx xx xx xx xx xx xx 00 00 00 00 00 00 00 00 00 00 00 00 00 00 00 00 00 00 00 00 00 00 00 00 00 00 00 00 00 00 00 00 00 xx 00 00 00 00
00 00 00 xx xx xx xx xx xx xx xx xx 00 00 00 00 00 00 xx xx xx xx xx 00 00 00 00 00 00 00 00 00 00 00 00 00 00 00 00 00 00 00 00 00 00 xx 00 00 00 00
00 00 00 xx xx xx xx xx xx xx xx 00 xx xx xx xx xx xx xx xx xx xx xx xx xx xx xx 00 00 00 00 00 00 00 00 00 00 00 00 00 00 00 00 00 00 xx 00 00 00 00
00 00 00 xx xx xx xx xx xx xx xx xx 00 00 00 00 00 00 xx xx xx xx xx 00 00 00 xx 00 00 00 00 00 00 00 00 00 00 00 00 00 00 00 00 00 00 xx 00 00 00 00
00 00 00 xx xx xx xx xx xx xx xx xx 00 00 00 00 00 00 00 00 00 00 00 00 00 00 xx xx xx xx xx xx 00 00 00 00 00 00 00 00 00 00 00 00 00 xx 00 00 00 00
00 00 00 00 00 00 00 00 00 00 00 00 00 00 00 00 00 00 00 00 00 00 00 00 00 00 xx xx xx xx xx xx xx xx xx xx xx xx xx 00 00 00 00 00 00 xx 00 00 00 00
00 00 00 00 00 00 00 00 00 00 00 00 00 00 00 00 00 00 00 00 00 00 00 00 00 00 xx xx xx xx xx xx 00 00 00 00 00 00 00 00 00 00 00 00 00 xx 00 00 00 00
00 00 00 00 00 00 00 00 00 00 00 00 00 00 00 00 00 00 00 00 00 00 00 00 00 00 xx xx xx xx xx xx 00 00 00 00 00 00 00 00 00 00 00 00 00 xx 00 00 00 00
00 00 00 00 00 00 00 00 00 xx xx xx xx xx xx xx xx xx xx xx xx xx xx xx xx xx xx xx xx xx xx xx 00 00 00 00 00 00 00 00 00 00 00 00 00 xx 00 00 00 00
00 00 00 00 00 00 00 00 00 00 00 00 00 00 00 00 00 00 00 00 00 00 00 00 00 00 xx xx xx xx xx xx xx xx xx xx xx xx xx xx xx 00 00 00 00 xx 00 00 00 00
00 00 00 00 00 00 00 00 00 00 00 00 00 00 00 00 00 00 00 00 00 00 00 00 00 00 xx xx xx xx xx xx 00 00 00 00 00 00 00 00 xx 00 00 00 00 xx 00 00 00 00
00 00 00 00 00 00 00 00 00 00 00 00 00 00 00 00 xx xx xx xx xx xx xx xx xx xx xx xx xx xx xx xx 00 00 00 00 00 00 00 00 xx 00 00 00 00 xx 00 00 00 00
00 00 00 00 00 00 00 00 00 00 00 00 00 00 00 00 xx 00 00 00 00 00 00 00 00 00 xx xx xx xx xx xx 00 00 xx xx xx xx 00 00 xx 00 00 00 00 xx 00 00 00 00
00 00 00 00 00 00 00 00 00 00 00 00 00 00 00 00 xx 00 00 00 00 00 00 00 00 00 xx xx xx xx xx xx 00 00 xx xx xx xx xx xx xx 00 00 00 00 xx 00 00 00 00
00 00 00 00 00 00 00 00 00 00 00 00 00 00 00 00 xx 00 00 00 00 00 00 00 00 00 00 xx 00 00 xx 00 00 00 xx xx xx xx 00 00 00 00 00 00 00 xx 00 00 00 00
00 00 00 00 00 00 00 00 00 00 00 00 00 00 00 00 xx 00 00 00 00 00 00 00 00 00 00 xx 00 00 xx 00 00 00 00 00 00 00 00 00 00 00 00 00 00 xx 00 00 00 00
00 00 00 00 00 00 00 00 00 00 00 00 00 00 00 00 xx xx xx xx xx xx xx xx xx xx xx xx 00 00 xx 00 00 00 00 00 00 00 00 00 00 00 00 00 00 xx 00 00 00 00
00 00 00 00 00 00 00 00 00 00 00 00 00 00 00 00 00 00 00 00 00 00 00 00 00 00 00 00 00 00 xx xx xx xx xx xx xx xx xx xx xx xx xx xx xx xx 00 00 00 00
00 00 00 00 00 00 00 00 00 00 00 00 00 00 00 00 00 00 00 00 00 00 00 00 00 00 00 00 00 00 00 00 00 00 00 00 00 00 00 00 00 00 00 00 00 00 00 00 00 00